10780
10481
11560
9124
10283
8474
11050
8486
11060
9709
8339
8766
9329
10120
9935
11225
8391
9496
11691
11524
9425
8852
8085
11998
9324
8701
11113
8023
9872
10754
8074
11477
9566
11493
8144
10683
10107
11967
8900
9646
10541
10719
10218
10112
9601
8968
11317
8264
11586
11637
10604
9753
11902
9423
8524
8061
11546
10748
11073
9883
11652
11931
9086
11411
9378
8506
8311
8511
9092
9050
9757
10499
8612
10366
9847
10803
9401
8441
10697
10753
11662
8731
8895
9238
9455
11736
11101
10508
10226
8010
9166
9734
11666
8330
8698
9059
8228
11792
8717
9912
8415
8849
10085
11007
10708
10615
10773
9098
11970
8354
9863
8518
11553
11680
9758
11708
9613
11835
10625
11076
11987
11705
8580
11748
11649
9302
10683
8424
11065
8153
11962
10800
11620
8856
10207
11166
10171
9902
11810
10887
11915
11685
11964
11891
11073
10135
10531
10944
11175
10496
9639
11574
8902
8809
8668
8086
9445
8055
10208
10882
10207
8542
10804
8429
11168
11007
8815
11444
8260
11746
11998
10140
8171
11499
9211
8628
10593
10863
10844
10997
8752
9256
8895
11358
8475
10179
9102
11564
9728
11338
9058
11926
10546
9536
10721
10939
9299
10193
10610
11757
11543
9466
11672
9732
8889
11678
8618
11337
8541
10702
9940
9525
11280
9182
11760
11201
9074
8498
8253
9782
11923
10622
9361
9247
11461
10989
9779
10306
9491
11283
11076
11313
9003
9569
9291
9255
11524
11539
9768
10365
11468
9115
8770
8717
8523
8439
11126
8802
9158
11435
10659
8853
11468
8230
9394
9385
8458
11652
9852
8734
9964
11144
11743
10972
10811
11937
10777
10378
8428
9250
9032
9613
10933
9249
9516
9246
10315
10169
9695
8337
11540
8038
9365
8831
9601
10901
8493
8646
9492
9808
10079
10063
9598
8932
8798
11137
9303
9694
11033
8789
9885
11801
8386
11790
8150
9893
8424
9871
9951
10421
9647
11155
9728
9541
11885
11084
8326
8201
11460
10615
8973
10803
8703
8157
9012
10734
11994
11180
9727
8593
8952
8262
10722
10362
10194
8567
8103
9884
11136
8272
10796
10835
9702
10476
11448
11942
10014
9239
9070
10343
11011
11336
9252
11153
11430
8190
8868
8235
11809
10453
10447
9023
11530
9431
8856
